<?xml version="1.0"?>
<opencv_storage>
<Camera_Matrix type_id="opencv-matrix">
  <rows>3</rows>
  <cols>3</cols>
  <dt>f</dt>
  <data>
    6.49065308e+02 0. 2.88633453e+02
		0. 6.42263428e+02 2.04244598e+02
		0. 0. 1.</data></Camera_Matrix>
<Distortion_Coefficients type_id="opencv-matrix">
  <rows>1</rows>
  <cols>5</cols>
  <dt>d</dt>
  <data>
    1.3863527593798475e-01 -8.6763477324882621e-01
    -4.1640233008871947e-03 -1.5208337005177007e-02
    1.4392540264027123e+00</data></Distortion_Coefficients>
<Image_Size>
  640 480</Image_Size>
<Root_Mean_Square>5.2457999505399155e-01</Root_Mean_Square>
</opencv_storage>
