<?xml version="1.0"?>
<opencv_storage>
<Camera_Matrix type_id="opencv-matrix">
  <rows>3</rows>
  <cols>3</cols>
  <dt>f</dt>
  <data>
    5.58778870e+02 0. 3.20000000e+02
		0. 5.56882324e+02 2.40000000e+02
		0. 0. 1.</data></Camera_Matrix>
<Distortion_Coefficients type_id="opencv-matrix">
  <rows>1</rows>
  <cols>5</cols>
  <dt>d</dt>
  <data>
    2.9345800471583156e-01 -1.2950898226381773e+00
    1.0250089367273198e-02 7.6501199238812264e-04 1.5993666941809113e+00</data></Distortion_Coefficients>
<Image_Size>
  640 480</Image_Size>
<Root_Mean_Square>4.1753641708939609e-01</Root_Mean_Square>
<Fisheye_Radius>-1.</Fisheye_Radius>
</opencv_storage>
